original_data : [[5.1, 3.5, 1.4, 0.2], [4.9, 3.0, 1.4, 0.2], [4.7, 3.2, 1.3, 0.2], [4.6, 3.1, 1.5, 0.2], [5.0, 3.6, 1.4, 0.2], [5.4, 3.9, 1.7, 0.4], [4.6, 3.4, 1.4, 0.3], [5.0, 3.4, 1.5, 0.2], [4.4, 2.9, 1.4, 0.2], [4.9, 3.1, 1.5, 0.1]]
transformed_data : [[-2.68420713, 0.32660731], [-2.71539062, -0.16955685], [-2.88981954, -0.13734561], [-2.7464372, -0.31112432], [-2.72859298, 0.33392456], [-2.27989736, 0.74778271], [-2.82089068, -0.08210451], [-2.62648199, 0.17040535], [-2.88795857, -0.57079803], [-2.67384469, -0.1066917]]
